ipdb> temp_embedding
tensor([[-0.7393,  0.1260,  0.5554,  0.8735,  0.0841, -0.1088,  0.2659, -0.8787,
         -0.0492, -0.0194,  0.3468,  0.4098,  0.7039, -0.8820,  0.7824,  0.1700,
          0.1103, -0.9014, -0.3172,  0.5935, -0.6618, -0.3120, -0.0292,  0.2246,
         -0.1278, -0.1884, -0.1030,  0.2516,  0.4446,  0.7950,  0.0665, -0.2120,
          0.0894,  0.4006, -0.3745,  0.0211, -0.0586, -0.1142,  0.3781, -0.1426,
          0.8090,  0.6723, -0.5455, -0.1831, -0.1598,  0.4683, -0.2709,  0.5604,
          0.3942, -0.0570, -0.3048, -0.0286, -0.0671, -0.0893, -0.6981, -0.1809,
          0.0965,  0.3446, -1.0421, -0.3862,  0.0015, -0.2483, -0.0698,  0.0495,
          0.0337, -0.0823, -0.3282,  0.2333, -0.0213, -0.4765,  0.4036, -0.2794,
          0.4542,  0.1802,  0.3805, -0.6165,  0.1536, -0.0371, -0.2776,  0.2760,
          0.0836, -0.2045, -0.7425,  0.5018, -0.5141, -0.3805, -0.5287,  0.1218,
         -0.3441, -0.2023,  0.4118, -0.2339,  0.0834,  0.1961, -0.5767,  0.1055,
         -0.3455,  0.8785,  0.4702,  0.5265,  0.2590, -0.1396,  0.3167,  0.2272,
          0.2174,  0.0014,  0.3618,  0.3207,  0.4089,  0.2390, -0.2469,  0.1308,
         -0.4283,  0.4285, -0.2529,  0.4391, -0.4672,  0.0092, -0.0901, -0.2303,
          0.0083, -0.2464, -0.3014,  0.0767,  0.0450,  0.3545,  0.1274, -0.5909,
         -0.0169,  0.6144, -0.3476, -0.3057,  0.2836,  0.3610,  0.0958,  0.4191,
         -0.1237, -0.3941,  0.0673, -0.1819,  0.1544, -0.2128,  0.0496, -0.0026,
         -0.2420, -0.4538,  0.0620, -0.3432, -0.2942, -0.1462,  0.1941, -0.1838,
          0.1841, -0.2914,  0.1496,  0.2997, -0.6160, -0.0664, -0.2088,  0.0743,
         -0.6866,  0.4332,  0.6247,  0.2328,  0.3920, -0.4412,  0.1631, -0.2685,
          0.6553,  0.0129,  0.3300, -0.0980,  0.2039,  0.1389,  0.2739,  0.0639,
         -0.2679, -0.0441,  0.3232, -0.1151,  0.3511,  0.1583,  0.7337,  0.3973,
         -0.2181,  0.1504,  0.0235, -0.2264,  0.0504,  0.5561, -0.1305,  0.1788,
          0.3446,  0.4759,  0.3961, -0.1663, -0.1010,  0.3038, -0.1932,  0.4946,
         -0.2768,  0.1596, -0.8788, -0.4719, -0.5473,  0.0110,  0.0494, -0.1233,
          0.0961, -0.3097,  0.8790,  0.1816, -0.1261,  0.9141,  0.2737,  0.1796,
          0.6476, -0.1672, -0.0950, -0.2728,  0.5799, -0.2796,  0.0291,  0.3596,
          0.6672, -0.5343, -0.1085,  0.0520, -0.1484,  0.5428,  0.6165, -0.2732,
         -0.1593, -0.1275,  0.0826, -0.4535, -0.4829, -0.2966, -0.1839,  0.3936,
          0.0944, -0.6074,  0.0986, -0.0661, -0.5065,  0.2132,  0.2920, -0.1956,
          0.1072,  0.7996, -0.1755, -0.0117, -0.0756, -0.1942, -0.0428,  0.0191,
          0.1292, -0.4365,  0.6554, -0.0794, -0.2256, -0.3749, -0.1502, -0.3515,
         -0.4072,  0.1051,  0.3272, -0.1720,  0.1858, -0.5327,  0.0474, -0.6520,
          0.1837, -0.3343, -0.3275, -0.2593, -0.2590,  0.0711,  0.1459,  0.2241,
          0.5660, -0.1510, -0.4274, -0.5103,  0.4517, -0.3377,  0.1829, -0.2823,
         -0.5500,  0.4446,  0.2445,  0.0404,  0.3907,  0.5253, -0.4602, -0.3398,
          0.4254, -0.3089,  0.6486, -0.0319,  0.1729, -0.1582, -0.5478, -0.0910,
         -0.2217,  0.1753, -0.2284,  0.3370, -0.4837,  0.2708, -0.0408, -0.8271,
         -0.4895, -0.4953, -0.0581,  0.4625,  0.4124, -0.6597, -0.3040, -0.2131,
         -0.0308, -0.5476,  0.2967, -0.3089, -0.5534,  0.7885,  0.2224,  1.0882,
          0.1930, -0.0386, -0.1438,  0.9167, -0.6277,  0.3768, -0.6009, -0.6214,
          0.0228, -0.2654,  0.0885, -0.2192,  0.1002, -0.7249, -0.5941,  0.2796,
         -0.2600, -0.0362, -0.0676,  0.2333, -0.8372, -0.1892,  0.0622,  0.5244,
          0.2635,  0.4047,  0.0189,  0.5233,  0.5626, -0.3737, -0.3377, -0.1848,
         -0.1388,  0.0332,  0.0959, -0.3756,  0.3325,  0.8799,  0.1193,  0.4559,
         -0.3035,  0.3311, -0.3255,  0.3058, -0.0679, -0.1173, -0.0133, -0.2254,
          0.5137, -0.3208, -0.5939, -0.0372,  0.2561,  0.4276,  0.4864,  0.1061,
         -0.2991,  0.3353,  0.0783, -0.1800,  0.1633,  0.3702,  0.0742,  0.5249,
         -0.0363, -0.5172,  0.0189, -0.3943,  0.5692,  0.3483,  0.0136,  0.0849,
         -0.0969, -0.1220,  0.0367,  0.0075, -0.4247, -0.2018,  0.0888,  0.8094,
         -0.2687,  0.1176, -0.5120, -0.4831,  0.5136, -0.9387, -0.5695,  0.3003,
         -0.5132, -0.3962,  0.2167, -0.2911, -0.6764,  0.0024,  0.5510,  0.6574,
          0.2657, -0.6225,  0.0112,  0.2908,  0.3504,  0.3050,  0.2286, -0.7099,
         -0.6026,  0.5791,  0.0086, -0.2870,  0.0892,  0.5825,  0.9081, -0.6404,
         -0.4115, -0.0204,  0.4307,  0.2515,  0.0591,  0.3430,  0.0960, -0.0012,
         -0.3561,  0.1658,  0.1465,  0.1539, -0.2108, -0.0102,  0.4851,  0.3511,
         -0.6284,  0.3287, -0.5433,  0.2339, -0.2536, -0.2091,  0.0492,  0.1830,
         -0.2622, -0.6585, -0.2267, -0.3722, -0.6272,  0.1660, -0.0544,  0.2269,
         -0.3962,  0.6011,  0.0603,  0.0985, -0.1374, -0.0945, -0.8098, -0.2842,
         -0.1924, -0.0679, -0.9172, -0.3197,  0.5136, -0.2362, -0.3760, -0.0359,
         -0.1324,  0.5174,  0.0235,  0.1008,  0.5758, -0.7297, -0.2586, -0.1126,
         -0.0679, -0.1231, -0.1314, -0.7650,  0.0715, -0.0866,  0.3198,  0.2173,
         -0.2143, -0.1879,  0.0706, -0.2944, -0.2919, -0.3039,  0.1884,  0.1960,
         -0.2783,  0.0127,  0.1039, -0.1573,  0.0230, -0.0075,  0.2817,  0.0974,
          0.2926, -0.3250, -0.2813, -0.3228,  0.2065,  0.1684,  0.4953, -0.0227,
          0.2550, -0.3979,  0.0736, -0.3149,  0.0243, -0.3101, -0.0229, -0.3146,
          0.2463,  0.2647,  0.5402,  0.1422,  0.0781,  0.2835,  0.9645, -0.1052,
         -0.1777, -0.1544,  0.0490, -0.0018, -0.0507, -0.2278,  0.0345, -0.9434,
         -0.2599,  0.6006, -0.0807,  0.5982,  0.0667, -0.3490,  0.2169, -0.3352,
         -0.2544,  0.0428, -0.5887,  0.6070, -0.6331, -0.3459, -0.6907,  0.0871,
         -0.2424,  0.0628,  0.0181,  0.6913, -0.2661,  0.8427,  0.3391, -0.2121,
          0.0021, -0.0193,  0.0538,  0.6935,  0.1282, -0.2894,  0.6945, -0.3085,
          0.3702,  0.0351,  0.0981, -0.3639,  0.1277, -0.0617, -0.2977,  0.0192,
          0.7186, -0.2239,  0.0060, -0.1663,  0.4743,  0.2273,  0.6433, -0.5839,
          0.2553, -0.5127,  0.1057,  0.5934, -0.1532, -0.0507,  0.4477, -0.3100,
          0.0322,  0.3867,  0.2147,  0.3670, -0.3030,  0.8189,  0.3302,  0.4473,
         -0.3873, -0.4338,  0.9586,  0.3011, -0.0924, -0.1321, -0.0120, -0.2810,
          0.5550,  0.0878, -0.2378, -0.1615,  0.2122,  0.3635, -0.1143, -0.6970,
          0.3524,  0.1019, -0.4628, -0.2276, -0.2356,  0.0461,  0.0327, -0.3170,
          0.4398,  0.0151, -0.1674,  0.3964, -0.0200, -0.4021,  0.0721, -0.3295,
          0.1852,  0.3407, -0.4398,  0.0288,  0.0761, -0.4608, -0.4714,  0.2967,
          0.4570,  0.3250, -0.5761,  0.1323,  0.2102, -0.4393, -0.8964, -0.2387,
         -0.7686, -0.2830, -0.5228, -0.6041, -0.1458,  0.3377,  0.7077,  0.4492,
         -0.1536, -0.1751,  0.0597, -0.0245,  0.3294,  0.4267,  0.4091, -0.1026,
          0.0958, -0.2411,  0.2091,  0.2537,  0.1410, -0.0664,  0.1442,  0.3514,
         -0.4587,  0.5190, -0.0455,  0.0204, -0.0683,  0.0864,  0.0044,  0.5966,
          0.3272,  0.3973,  0.0733, -0.2426, -0.0025,  0.4423, -0.1239, -0.2761,
          0.0654, -0.0180,  0.5613,  0.0142,  0.5840,  0.0205,  0.2579, -0.2652,
          0.0020, -0.4912,  0.2868, -0.7369, -0.3645, -0.1301,  0.2204, -0.4108,
         -0.0807,  0.5979,  0.2655,  0.4435, -0.0412,  0.3507,  0.4792,  0.2117,
          0.4130, -0.2419, -0.2804, -0.0135,  0.1594, -0.2174,  0.3706,  0.0518,
         -0.0559, -0.7301, -0.5960, -0.5235,  0.5600, -0.7237,  0.2034,  0.0721,
         -0.1793,  0.2238, -0.1136,  0.0526,  0.1820,  0.2493, -0.2019, -0.2196,
          0.2686, -0.3077, -0.6756,  0.0726,  0.3373,  0.4927, -0.3169,  0.0585,
         -0.8406,  0.0869,  0.2566, -0.1344, -0.7713,  0.0220,  0.4294, -0.0087]],